74.89928588051949
89.22749749333335
100.03245504
91.49681520000001
100.2179408
93.21681679999999
62.101484190476185
79.87960095238095
95.25332464761904
77.24022095238095
91.38482255238095
96.00833893333333
92.26289770666668
103.66319962666667
83.56144544000001
87.07749215999999
82.32386095238095
105.44145920000001
97.62425312
72.67693088
87.64653752935067
87.10675552000001
103.60845013333335
78.90616159999999
91.9486172190476
85.0201936
101.86220853333333
81.1123248
93.13973691428572
101.18973455238094
88.15440317948719
91.59596689523808
94.81914323809524
90.0128896
93.11300299047619
75.11057880000001
95.96193706666668
89.2133801904762
100.5854956
84.59137773333333
89.61183333333334
87.78716746666667
84.25828800000001
65.41809619047619
100.07109055999999
79.56815264000001
88.73820670476191
101.59576746666667
100.83463381333334
88.98366912
72.17206770562771
83.43630217142858
94.59022186666667
102.60613843809524
89.1051088
90.966904
94.03660999999998
82.88811083809523
89.35618651428571
88.3190582857143
91.64754872380952
92.77202266666666
93.05967106666668
85.85339239999999
93.3228728
102.58826773333332
87.31802354285713
81.68462761904762
93.01922156190476
93.7459488
69.1036096
95.703932
98.46877759999998
95.54048666666667
80.25914773333332
71.24240400000001
103.140096
88.59065127619047
76.64151253333333
97.531644
93.8819712
97.59833280000001
99.74134422857142
101.28858399999999
95.40086933333333
101.2572363047619
75.38416571428573
93.23521260952381
98.76821759999999
97.91555565714286
86.59916556825397
90.27065933333333
85.57601500952381
97.78260011428571
99.10075199999999
94.4881968
92.86842549333335
93.87676079238095
86.05214880000001
99.38360857142857
91.65047866666666
95.5487664
90.43439573333333
92.0377420952381
98.92793712
74.60478048
91.70967893333332
80.11730826666667
87.96704986666666
101.9453448
94.15923344761906
101.768936
85.8389888
82.09802666666667
89.34869
95.14424146666667
98.33686681904763
84.2678928
91.88262250666665
103.89125162666664
95.524578
100.19598066666667
77.03726933333334
69.2071789904762
101.2273212
98.940392
81.35770948571428
83.78838514285715
96.73663664
95.01947109333332
79.52107173333334
94.8940352
97.46578400000001
89.88604853333334
95.40078016000001
88.24034184
82.03026180952381
94.70797142857143
95.98804714666664
84.81966645333334
84.53645457777777
88.25627832380952
102.26504826666667
96.97277493333334
91.09840438095236
82.54198746666667
98.884208
76.50663466666666
93.96891554285715
82.6519864
77.81247839653679
94.59794209523808
97.01910773333334
75.90954933333333
102.733728
101.3350864
92.1513152
82.48059047619047
103.14123664761905
89.49102095238094
87.291528
102.81158
89.04713866666665
88.04262251428571
87.965884
94.32176925714286
87.92563733333334
85.0351844952381
103.26775402666667
95.79811877333333
88.95418273939394
86.10315321904761
95.13946613333334
96.02265146666667
67.0698979047619
77.398912
100.91325493333332
101.74557706666667
80.231728
94.57770522666667
94.57901450666665
96.6467312
71.70542266666666
103.62390411428574
96.32259280000001
92.73144613333332
80.13630971428572
84.686028
108.3548192
87.35606159999999
80.0812928
77.63668093333334
94.38992973333333
86.74060636190477
82.4018392
86.81204201904761
92.04039573333334
86.8016944
94.6156136
80.86752990476191
104.37266284444445
91.62838026666665
90.00226559999999
91.79416488888889
104.93772746666669
97.4491736
90.11087466666666
91.70325879999999
106.95579857142857
101.2086064
87.22366283809524
82.45917933333334
97.64818613333333
88.4059744
88.97969500952381
81.18866133333333
97.95061205333333
85.86745808
79.67737337142857
105.86880853333332
79.75835664761905
74.59097306666665
82.19228693333335
91.10021119999999
90.56928586666666
97.80516736
84.51276966857142
84.6377683047619
94.98157333333333
90.07905293333336
92.78803365714286
76.26849790476192
99.04644506666668
88.2747704
94.87721047619047
88.16444346666667
92.69689235047619
90.24849397333332
101.98202373333334
113.42553893333334
81.619884
72.032952
64.79267954285714
82.95961013333333
97.64010453333333
97.44353333333333
78.4506544
93.66953919999999
90.43368026666667
89.41393413333333
85.63753400173161
74.43336571428571
97.57395253333334
83.95983013333333
99.14385866666666
88.6381296
71.21018514285714
80.86984594285715
87.49047626666666
86.30416170666666
89.46175273142856
105.07448613333334
87.92584205714286
77.21160272380952
93.32911693333334
107.32142879999999
75.95503923809524
63.90453942857143
62.69927893333333
63.92570125714285
90.6614936
82.0050568
100.97894533333333
90.2711224
88.75168293333334
90.67376226666667
81.00591394666667
83.95106911999999
81.0600864
95.24407706666668
98.54031493333333
107.44120720000001
100.23951679999999
95.75202133333333
99.95514719999998
90.73171946666668
90.46522026666666
90.96590782857143
98.03501159999999
102.24148053333334
94.76530533333334
92.1422130742857
99.45874890666666
109.50380799999998
85.58368231619048
91.47041509333333
100.03710506666667
95.8201054704762
93.25248352000001
95.6985488
95.5510544290909
95.12419228952379
86.56190293333334
102.0882192
95.92979199999999
91.25325733333334
79.02433314285715
97.33180662857144
93.4746148
85.02460965714286
82.94620298181817
98.72799157333333
67.3362383504762
89.97358320000001
83.9704252
84.72263573333332
88.49132971428571
92.81024666666667
88.0470996
93.93499422857144
88.7622143064935
84.5803128
94.90785051428571
96.42225386666668
92.5251728
72.67140826666666
88.49131843809523
93.05595396571428
84.99907232000001
93.47049457142857
83.30964144588745
104.81627839999999
98.34086933333333
87.09762110476188
96.636652
80.96052399999999
91.61099413333332
90.86159813333333
109.158904
95.77290400000001
85.8919287111111
97.5825824
81.65491786666666
87.81053386666665
88.46910666666668
95.18438080000001
82.1134764
101.09046919999999
99.51910506666667
96.36695386666665
74.96678133333334
79.26143161904761
100.00665039999998
79.89731333333334
91.14219333333332
104.76459485714285
90.11639013333331
92.0900216
91.98440064761905
91.92880960000001
87.98250701818182
98.79170226666666
82.90615047619048
86.44088693333333
100.54721279999998
83.70030373333333
96.536868
93.49460586666666
90.69443146666669
89.24518346666666
93.37560053333333
64.91622697142857
80.01484876190477
85.47662346666667
64.75247946666667
94.7182528
79.63668213333334
83.75534666666667
97.78125942857143
102.700452
88.19746494545454
102.81161626666668
89.64316876190476
89.75786186666667
94.54431333333333
99.8355584
80.67341584761905
81.14302
102.77389973333334
109.59364891428572
91.19344548571428
95.78372666666668
91.56149333333335
88.31874114285715
77.98301066666666
72.67860746666668
60.86570327619047
100.08205786666667
95.37286573333333
96.73081594285713
91.93905702857144
76.54872186666667
88.20186175238095
93.44345923809524
103.00104639999999
102.3544864
88.55816
74.4901216
99.61188933333332
88.88856533333333
100.77426208138529
106.91641493333331
83.08507413333334
105.74650064761906
94.8776608952381
95.28692346666668
90.08125480000001
94.11539706666667
95.8499688
85.53311786666667
92.23165306666667
98.91603680000001
90.05203999999999
71.73979866666667
109.76407173333332
92.57881599999999
61.779171352380956
101.49656106666666
93.3298224
92.2623832
83.98886684444444
70.12501028571428
62.25335988571428
73.73580173333333
102.82185026666669
93.59009500952382
104.06564800000001
71.7000241904762
76.16125973333334
94.87623818666668
71.70956779428572
94.45617306666666
99.33221744761906
92.15489640000001
97.027542
98.2620088
80.2459795047619
90.34637733333332
97.72949120000001
92.44364106666667
87.23733186077922
75.26950682666666
62.567781714285715
97.63446560000001
82.2260072
94.43195213333333
90.39298093333333
87.36992400000001
84.37446476190478
82.48942087619048
91.38250236190477
99.44009439999999
75.168516
82.4298715047619
105.19490719999999
88.91438112
80.21354779428572
61.34324076190476
76.48823466666667
84.054112
93.109156
98.30618986666666
82.0863744
73.544672
60.28707066666667
91.35044857142857
92.3856728
100.68645653333333
95.52432201904762
98.504876
97.40758826666666
96.701908
98.090036
94.70803839999999
92.87460506666666
96.20561043809523
105.3016608
93.60590399999998
101.46462293333333
96.40209976380952
67.89203552507936
77.69944512
96.47288181333333
90.57399039999999
103.43075328
80.90898618666665
101.11782533333333
84.42398704761904
70.14641280000001
82.69351321904762
88.60014971428572
96.78523333333332
88.0364656
69.83543061333333
81.50080298666668
82.15127626666667
95.08109077333333
80.20477398857143
97.07416400000001
81.05637247619048
83.76667096969697
86.22297765333334
70.15687373714283
74.50800114285714
92.08001759999999
68.22454925714285
83.95351485714286
99.88979119999999
96.35221600000001
88.7265988952381
94.92663134545454
85.20060586666668
85.35838810666667
76.66928136
90.28200226666667
94.31311481904763
74.17215866666666
68.249472
83.89190531428571
98.90713548571429
89.75676008888888
81.7604776
96.98075226666666
111.56493093333333
86.05255199999999
92.17462076190476
88.59164773333335
87.03503253333335
84.15677942857144
97.53020851809524
87.05549285333333
75.26655710476192
68.76425676190476
68.43557097142858
73.050512
66.46212723809523
95.37315119999998
94.98860933333334
94.74069546666666
77.64445897142858
68.96221606095239
82.14917279619047
99.53847319999998
81.25443626666666
91.66918720000001
80.72660114285713
75.758336
103.88704872380951
108.2789136761905
84.3158272
74.16968119999999
100.55429613333334
82.47012079999999
72.97692666666667
97.97212933333334
82.26967413333333
88.01905760000002
84.8347497142857
77.97104266666666
70.33512266666666
64.76332444444445
105.02135253333333
101.4392368
112.5563029714286
95.16583931428572
97.5575696
84.53328064
74.22600575999999
94.25239400000001
85.59495
95.15377935238095
90.17753466666666
96.74472
91.34514440000001
84.38037
86.01154133333333
98.013884
94.76847904761905
82.1811224
79.5115008
80.62730533333333
91.60283999999999
71.82245942857143
95.01915382857143
110.87737173333332
90.8140592
92.12735238095237
101.633446
90.2986956
87.53114666666667
93.13090514285715
93.66502819047619
92.70140186666667
95.42664586666668
94.8395
86.73041306666667
84.77275866666666
92.96855017142857
94.05419253333335
87.17582285714286
82.86032171428572
93.47751459047618
97.49303264
76.79439002666666
94.60035546666666
89.18524514285716
85.52702986666667
80.65390773333334
67.25422361904762
85.8540344
100.861268
88.95312773333333
77.51449199999999
94.31741013333334
96.15591481904762
80.1322952
81.03204106666666
86.27219272380952
90.06218992000001
91.03337926095239
76.87115413333333
59.41421280000001
85.7835504
91.7068208
91.6840056
74.04809386666668
93.32355679999999
70.37479786666667
63.86594742857144
75.48064666666667
84.09760734545455
90.12051306666667
91.53643280000001
81.44616213333333
83.41932906666666
95.51733817142858
95.07993573333333
50.86840266666666
32.50856
34.43751111111111
91.8339563174603
100.61800990476192
97.934944
82.67199885714285
90.58283573333331
90.395256
88.05559893333334
90.55068998095238
90.58720293333332
88.81232586666667
84.07351028571428
88.21288666666666
89.6070403047619
88.57750476190476
95.00567813333335
96.55240719999999
77.37171626666667
79.48749251809524
76.68356992
90.89062800000002
90.84027075555555
81.51464266666667
98.07133199999998
88.99697691428571
91.70731413333333
74.50711573333334
88.74677573333334
86.51610346666668
84.79509519999999
84.57068480000001
79.14159455238095
81.13729706666666
82.5416616
77.5736176
78.89587546666665
84.08673519999999
78.18000213333335
72.99348137142857
72.25424266666667
75.60724998095239
65.57816115555556
62.887488000000005
65.22540266666667
69.5553176
94.61016773333334
99.98328373333334
96.05866
96.90855653333332
85.07168453333334
96.57056914285714
100.14066880000001
102.86835920000001
100.67231874285713
100.01542195555555
101.54680746666665
105.68746426666667
101.40162434285715
94.29541817142857
102.8061929142857
103.16221173333334
100.72386213333333
106.26096613333334
107.15549226666667
101.87855005714286
104.99720640000001
111.36209119999998
109.25775626666666
100.80277584761905
86.14332373333335
102.31161706666666
92.00238227301587
94.17028746666668
105.12232746666666
103.64475280000002
102.23940346666666
90.18399280000001
93.58061386666667
92.59593840000001
96.0745552
97.38164800000001
98.90697574545456
82.2653688
73.47533333333334
106.21956586666666
107.86815440000001
110.71961017142857
111.70651760000001
110.28319626666666
107.13678186666667
108.47819737142856
99.0462748952381
103.18536373333332
104.42076567619047
105.33955893333334
106.62064959999998
103.25958049523811
103.07383466666667
108.32110773333333
109.67903306666668
98.33834780952381
97.70754193939393
102.04279173333335
107.81192853333334
111.54836754285716
108.43717066666667
108.56189813333333
97.7108272
97.88995120000001
100.26582544761905
98.53288666666667
96.08472479999999
114.7889048
110.54292537142855
105.59929919999999
108.75119706666666
110.84920480000001
110.83213013333334
106.87481588571427
112.41839200000001
112.02196053333333
104.82695573333334
108.78308799999999
108.39788617142858
101.36238560000001
110.1477744
112.98453093333333
119.918696
102.8167072
112.81502426666668
108.94311760000001
110.2071431792208
91.42028
115.05549253333334
108.00779226666666
113.18464179047619
84.11914373333335
90.97851013333333
90.05098036190476
95.17874440000001
91.46022453333333
86.01990959999999
83.8830136
76.484816
83.0543568
92.5440896
115.74567634285714
99.0953152
92.72287413333333
79.09378971428572
80.16257599999999
100.27694826666666
99.09454300952382
97.46795653333334
84.58007131428572
89.7454864
102.22915066666667
109.548352
90.127296
94.79333573333334
94.87578693333334
87.78990773333335
93.38429210666666
77.48597002666668
92.8977552
93.39248190476191
70.01090742857143
104.14472325333334
90.93084432761904
106.84213577142857
77.60429142857143
93.3176172
96.8028008
81.90468514285715
94.35740559999999
85.38176704761904
89.35943706666667
84.23846552380952
81.7482528
94.74737919999998
94.02279199999998
84.70934623999999
79.05947029333333
107.34761973333335
90.80638266666666
66.83634361904762
76.48688015238096
93.87544
99.9918408
100.81315786666667
93.85171626666667
86.40982506666667
97.77744293333333
108.45088799999999
88.3266672
33.39909333333333
23.421640000000004
42.82318
105.72088800000002
112.31989279999998
105.90171291428571
83.26296373333334
96.76763725714287
95.61516293333334
90.250382
92.85700106666665
94.55585241904761
92.46604239999999
91.83464666666667
101.42843546666667
95.82738636190477
105.92941973333332
92.93850280000001
88.07829586666668
102.43404533333333
95.7159672
86.82188640000001
97.89626719999998
97.48091280000001
86.49568495238094
84.01821196190477
89.69747207619046
90.63349760000001
95.52405680000001
111.04023973333332
112.29137706666668
94.0827248
86.4904024
87.7258992
81.4325456
114.60587413333333
84.43022035555555
105.18929839999998
89.96992457142856
88.23929986666666
102.90276081904763
90.04720266666666
97.25417546666665
84.8865312
101.57079039999999
91.53481085714284
93.41922518095237
101.0054208
95.52710186666667
106.5810072
101.4203148190476
82.18059600000001
98.20967706666667
98.49917839999998
95.34147026666668
82.94938626666666
108.41200502857141
89.6176576
103.64836213333334
91.12578331428571
96.21958857142856
101.28692240000001
80.94305001904763
85.98446186666668
94.6039768
90.31889142857145
78.60370026666666
93.12285440000001
84.63919531428571
94.02009333333334
93.97789980952379
97.20913973333332
88.64347306666666
78.87146266666666
88.97009093333334
86.4016344
83.20320293333334
83.57714186666666
82.42303306666666
89.32769599999999
83.83157120000001
90.98379664761906
96.1830144
89.42692662857144
90.79895139047619
75.27866266666668
70.2811742888889
73.051827
75.71981226666666
73.1198948
74.51178456
74.20070722841699
72.90753585585585
74.03462104504504
74.27613823423424
74.69852475675675
74.90260243079442
73.58816713513514
70.68205232432433
70.71915496805897
64.42037446027845
55.39830667977068
46.376238899262894
37.35417111875512
28.332103338247332
19.310035557739553
15.478493377886977
17.43152
23.19098
36.7408648
45.1835464
51.682332571428574
47.98235866666667
50.84893386666666
55.261260190476186
51.23409904761904
52.63917155555555
54.03478773333334
57.708506666666665
56.1698944
57.240283999999996
56.874576000000005
58.546729600000006
62.82593854545455
58.14125333333334
57.01851352380953
56.83955192380953
53.40389866666667
62.317776
57.38926
66.13010133333333
72.627584
64.99773866666666
58.77156533333333
59.03575599999999
56.606224
49.019005333333325
55.832640000000005
49.56902844444444
51.705996000000006
57.481081333333336
55.288959999999996
61.00386666666667
58.529466666666664
58.363712
55.74123691428571
36.37379428571429
65.26018666666667
88.04589920000001
85.99002133333332
86.42882361904762
85.8299904
84.49355413333333
79.16673733333334
79.308852
77.0665808
78.5799326153846
81.4456992
81.09715386666667
81.23844937142857
79.16711866666667
80.62747653333334
80.30379626666667
77.45784476190475
75.7402872
75.9414656
78.93668426666667
76.60189973333334
80.7772456
80.196732
81.26154399999999
77.52605367619047
75.59652586666667
79.2350576
79.44495253333332
81.09235240000001
73.71131727619047
73.44743173333333
72.36041599999999
69.18505733333333
70.64739733333333
73.1947256
72.89660053333334
71.96875466666668
69.72540038095238
74.8849808
67.40165428571429
70.08253066666668
69.38893942857143
62.976432
62.967948
62.646496
69.63384133333332
71.63110079999998
71.75591904761905
68.92359333333334
73.60559720634919
70.74443053333331
66.95249066666666
67.97376586666667
74.20504053333335
75.28709599999999
73.79785280000002
72.0683248
72.34664853333334
74.4317888
74.9656272
80.29580853333333
80.33446666666666
73.48373866666667
66.53231897142857
70.029024
74.53745333333333
73.88595066666667
74.92949626666666
69.7969952
65.42886686753248
72.384608
72.425152
72.86069653333334
70.91563908571429
66.16508986666666
70.73815093333333
73.64062666666666
65.734448
67.93172799999999
63.714748
65.094352
68.25175999999999
37.35624
54.55232666666667
65.982156
67.27417600000001
66.04226125714285
70.73355199999999
68.76285599999999
71.52742666666668
79.574788
72.60856
72.6177398095238
75.37957600000001
78.44308880000001
77.46241546666667
74.72219253333334
76.77302426666667
78.27244906666667
75.16369333333333
74.41953866666668
75.23287386666667
74.83062933333333
72.00954613333333
76.80305973333331
77.7267032
78.9476961904762
18.9646
15.979560000000001
32.866236
80.97672457142858
85.2334864
87.35940400000001
88.85689520000001
86.61711573333334
88.610928
85.44463493333333
78.73227386666667
72.42450613333332
71.91078533333334
75.01109226666668
91.30467039999999
80.79217733333334
70.51917920000001
70.0239936
71.40707866666666
70.53304693333332
87.1774584
79.82840639999999
67.9639067082251
87.05275280000001
90.48227626666667
91.67730320000001
87.76359367619048
77.90717173333333
83.69036533333333
76.04487314285714
80.506816
84.01682906666667
78.8132175030303
80.31142026666667
104.08769375238096
81.37668906666667
84.04673817142857
95.37847439999999
84.208132
79.11594986666667
95.89243954285713
80.64372159999999
86.62631007619048
78.18740706666667
80.35034076190475
86.39763946666666
85.5369038857143
82.64525839999999
96.35203386666667
93.48084506666666
82.923508
83.54525919999999
79.56892196825397
71.97146560000002
83.72591114666668
84.25221267555555
68.302632
72.07362666666667
84.11263786666666
87.21169866666666
86.47864000000001
82.65176670476191
76.59301359307361
85.47832906666666
84.19878320000001
87.96134415238093
81.35414293333335
84.52307885714285
83.78184754285715
80.17480005333331
74.40283221333334
87.74637386666667
75.73534251428572
84.50873335238096
72.72053176
84.56757637333334
85.59212426666667
89.5007224
75.30991306666667
85.30502026666666
71.42190448
91.48109472
68.9894866909091
86.28636533333334
74.7848056
90.5087328
93.03276373333333
100.21800582857144
87.95138586666667
81.33747093333332
85.9989784
75.5391952
78.42344604444445
85.06021066666666
76.03478552380952
72.45327333333333
74.7701472
83.39837973333333
83.35518666666665
85.7192624
78.5880232
72.16632159999999
70.22432586666666
82.99407146666667
81.75872521904762
80.5364536
73.2854472
81.88588613333333
72.015388
71.16179386666666
78.14279306666667
71.388072
76.25496675878787
67.82285311999999
77.73031413333334
73.09948853333333
74.48046281904762
65.79672419047618
75.42993273142858
71.72403599238095
76.510252
84.5119952
69.85639719365079
74.49087306666668
80.06311120000001
87.28707093333333
86.51132000000001
79.61257466666666
67.90224560000001
68.88946453333332
78.80265320000001
74.9066196
76.21364480000001
74.8132792
82.41346346666668
79.85001973333333
81.26549413333333
86.0114512
83.73987919999999
74.76417386666668
82.93680971428572
83.20988106666667
76.42076906666668
75.65542266666667
80.59928453333333
77.05382773333334
80.15276849523809
73.0478824
72.487028
73.86340858666668
73.27979221333332
84.39943626666667
75.74635047619049
79.8148368
79.7473184
74.62554019047619
78.18666640000001
87.0917168
82.44367432380952
89.13727245714286
78.56847920000001
75.5043832
77.51976125714286
79.6735864
80.54184133333334
75.15943622857142
84.11036586666667
72.223432
73.2413504
73.13343466666666
78.18667946666667
69.24171257142856
75.04474375757577
70.424172
72.98730613333332
81.12820533333334
81.2459688
73.99969813333334
83.837128
80.33012000000001
61.64650133333333
73.3896
74.45525866666667
79.50302666666667
79.49565356190476
87.32439919999999
86.1714104
86.11482316190477
71.85319333333334
75.37198133333332
75.78544297142858
75.0373208
72.22485823492063
75.79670293333334
85.04847520000001
76.76757786666666
71.67025493333334
80.33001226666667
79.47919139047619
79.69825009523808
75.6267328
86.61990399999999
72.61340135873016
82.61356761904763
75.32384586666667
81.08969653333334
78.94688661333333
79.44513312
87.72619599999999
70.17592400000001
84.11727760000001
89.32804617142855
75.1402259809524
81.57021005714286
84.9578808
76.85362666666666
81.75100786666667
81.04687255238096
78.62394160000001
81.55708373333334
82.10561866666667
71.764596
80.656988
78.6625392
79.4299294857143
80.5861328
84.39690137142857
88.92326453333332
70.92350352000001
69.38603716571428
83.1626448
75.2689744
79.62161973333335
86.28210057142857
88.66853839999999
82.10913668571428
87.81242213333333
82.34971786666668
87.51618133333334
88.56919413333334
88.97165866666667
86.7520312
82.20467964444444
78.08919786666665
79.11833920000001
82.30351706666667
68.15384661333333
61.00569232
78.96698719999999
85.95529097142858
81.02312643809523
82.56160106666667
77.36065599999999
83.14626266666666
83.28048693333334
78.73299973333333
80.80877573333333
85.70438053333332
84.33410666666666
81.30287693333334
68.65723799999999
91.32794278095238
67.84977119999999
73.43447253333333
95.64010826666666
70.99889722666668
73.81374540190477
73.63508826666667
69.62635413333334
76.45574159999998
82.24743066666666
74.136928
81.20481469090909
75.89178239999998
74.69256350476192
77.39193479999999
72.96085133333334
70.27613718095238
72.48642816
69.47379663999999
71.9192433904762
76.41526746666668
68.90153137777777
74.47913226666667
82.7811264
80.8378344
72.17691199999999
72.0928496
79.61868333333334
75.2333812
73.09388914285714
83.02932666666666
72.29919247272727
71.37598626666667
86.98487786666666
82.59567333333334
80.68514902857143
69.1370352
80.7150848
74.14877093333334
75.07003165714285
94.31585520000002
71.34581798095239
74.28965318095239
84.12657028571428
78.61815474285714
76.68034278095237
64.8133433295238
68.25330848000002
74.81858666666668
84.35008133333334
80.61382933333334
73.67387306666667
79.86687664761905
75.86660605714285
73.60944266666668
73.92715228571429
74.34327845714286
79.68429040000001
77.326632
71.0733376
63.39855200000001
72.65606967272728
87.50507999999999
70.69842148571429
71.8610752
85.45684
82.2229540952381
76.49622133333334
77.8647616
78.3779736
77.88199733333333
75.91696415238096
71.85246346666668
64.23349088
71.23498698666667
86.96918559999999
75.50157485714286
76.75544506666668
76.9113264
82.65233066666667
77.88416853333334
66.7425248
71.82102800000001
70.73656822857143
80.93425866666666
79.65790280000002
67.56985285714286
73.0554016
88.57452628571427
84.91344377142858
76.58664266666668
68.20880533333333
76.75421729523809
70.4154464
75.8364096
78.6182344
77.2539393142857
65.29982293333333
74.58412799999999
70.74782826666667
69.17958656
63.024282659047614
91.04187200000001
93.18580159999999
82.78544956190476
85.17087360000001
77.9335288
71.64900571428572
59.90729066666667
68.82484
83.46400639999999
63.86991170109891
71.0515008
77.27345786666666
76.7312592
82.85015226666667
75.40124293333334
82.63044287999999
76.07843392000001
82.28386586666666
81.51954491428572
75.67897757575759
78.58277386666667
74.3553732
75.64605693333336
79.35724
77.68455466666667
75.40613573333333
69.26640697142857
71.8614168
76.6721016
71.41243740952382
97.79916746666666
79.26528746666666
69.76849493333333
82.063328
73.8150136
74.77402331428571
76.18848649142856
68.58274848
81.3340672
74.55520227878787
80.02208632380953
89.00775573333333
88.25596445714287
77.55494266666668
79.33494720000002
80.21504832
76.78237354666666
72.20376365714284
74.7346624
74.42544383999999
80.83858282666668
71.4464528
75.29526986666666
81.68612175238096
72.36545150476192
81.72802986666667
79.79911733333333
78.188916
73.82151626666666
82.78317039999999
72.0905672
65.94049051428571
76.14002559999999
83.86969866666666
77.13874571428573
86.0205488
81.9417696
70.81574677333334
64.77753695999999
71.95561742222222
78.56731920000001
76.67334445714285
86.407272
81.4159664
70.95495946666666
80.68550266666666
71.76572422857143
68.69603346666666
73.51552013333333
70.44580173333334
72.13408306666666
74.7605904
77.02551306666666
69.94862800000001
77.0602568
77.5869376
87.46889039999999
83.523444
78.8139072
65.6749856952381
85.28222493333334
84.17438766222223
73.47827730285715
94.39347226666665
84.2911744
81.31295203809523
90.54958080000002
88.90439280000001
81.73169333333333
69.21680331428573
75.87602506666667
90.6162584
77.68261226666667
87.58529920000001
91.823418
92.55822549714286
101.54651936
93.64463359999999
80.55366752
86.62991914666668
74.56878373333333
76.98200213333334
83.18499013333333
74.49229965714287
82.15824914285714
83.21643386666668
81.95042
73.6047848
88.68419466666667
73.19710342857142
81.00733226666667
75.51674
76.01820700952382
72.66259893333333
78.39081453333333
82.476866
77.85453146666666
80.22825999999999
81.80365200000001
69.01289773333333
75.43502186666667
73.45177866666667
74.77643935238095
74.37629546666666
85.7413208
80.25049706666667
80.62068533333334
80.04466346666666
92.3854336
91.13772825396825
98.43613914285716
89.862124
89.2687608
78.01289440000001
70.69308266666667
77.71112346666666
75.96572
79.36670346666668
92.6960408
82.0478008
77.73955839999999
83.14699253333333
80.1024816
85.3028384
86.7871824
83.78925165714286
86.05415093333333
85.09430293333334
94.15179093333333
80.50073760000001
84.14057706666667
79.56739577142858
80.87155680000001
89.19792586666665
93.69834799999998
83.5592568
79.0800912
67.87593493333334
73.21013013333334
86.66730471111111
84.91682133333333
69.7212368
80.2459568
76.21855093333332
86.55879645714285
94.17674613333334
83.1417136
78.80919893333332
85.27461066666666
71.830996
79.85456970666667
68.97768522666668
85.4226689904762
94.99221200000001
86.64387893333334
78.47386320000001
81.97274986666666
80.97294186666667
86.36964
84.12529592727273
81.36105451428571
72.60445360000001
78.16470502857143
92.57242000000001
78.79946537142857
77.7060696
84.432108
77.31999638095238
83.2844224
82.221668
87.97582720000001
87.38490213333334
83.7115408
89.85286399999998
85.33813219047619
85.63792213333333
84.92244133333334
84.51533333333334
75.15908426666667
79.60449561904761
82.2743824
88.74652213333334
80.53868304761906
77.91780057142857
83.693144
79.127388
77.23102080000001
76.4910008
80.7426384
86.16400826666668
84.14789146666666
86.45296510476189
87.54318041904762
80.79021733333335
82.70392346666667
81.565924
92.17142373333334
77.4665808
76.60026559999999
81.82491360000002
103.64913200000001
83.6995968
89.1219024
84.41910064761905
80.26547146666667
92.43436266666666
95.74002125714286
96.4644502095238
95.11303199999999
87.58139013333334
85.50785607619046
87.78313418666667
82.70543034666666
85.93510026666665
83.2141352
90.79243973333334
84.38103520000001
85.04042480000001
74.18848986666667
76.95213912380952
80.48135413333333
86.40700240000001
87.386016
73.63675733333334
91.51456986666668
90.60127279999999
83.53484933333333
90.54757093333333
76.0481814857143
71.15574996363635
76.47554213333333
83.11345531428573
83.53678826666668
85.85835866666666
78.88914173333333
70.14857045714285
80.69792613333334
82.0217896
78.02810639999998
71.54363466666668
72.07202986666667
70.69413200000001
73.40834826666666
72.97970400000001
80.3009648
78.525724
77.15740160000001
85.48883253333335
67.51289013333334
80.85025946666667
80.078288
83.0173363047619
78.16534026666666
81.50052933333333
74.92586800000001
75.19055702857142
75.9010272
83.91180586666667
77.16475923809523
73.4907056
82.42763777777778
74.26382293333334
82.44530003809524
75.16937573333334
75.2255984
78.31590879999999
84.38481325714285
79.38316175238096
88.8646904
66.21817866666666
73.18283600000001
72.19429120000001
77.58395013333333
83.5558616
78.359856
71.2169590857143
78.02232053333333
79.04589493333333
76.70889453333334
70.61409571428574
79.046016
82.7045184
81.68393786666667
77.92321333333334
79.63960224
81.08507957333333
75.40268645333333
79.7117536
83.771804
69.41555288888888
83.747596
75.82852853333334
87.25741786666666
76.78584457142857
77.58653306666666
82.0142112
82.98275413333333
85.35896213333334
83.03670114285714
82.33439287272728
86.06170921904763
84.71450933333333
82.8463728
74.00637158095239
77.91667626666666
77.60752559999999
80.06286685714285
85.02315066666668
89.92034693333333
81.38780499047618
74.49647702857143
79.60252106666667
75.18303733333333
82.97179047619049
82.5038944
79.84222439999999
71.443818
82.58227120000001
83.25875813333334
82.82992844444443
75.97762173333334
80.3006044
80.85499074285715
82.638496
81.81627493333333
85.97901119999999
81.00869382857142
75.62964853333332
81.4569836952381
82.06160782222221
80.737668
80.91108773333333
78.30977466666667
77.90451946666667
82.30187699047619
81.22518
81.50439519999999
76.66166533333333
81.00981999999999
70.83919875555554
76.08845207619048
90.7832424
81.05118346666667
84.63460400000001
79.4402336
79.2961388
79.72701754285714
73.67424670476188
82.56652293333333
81.7953264
78.04769942857142
81.09758266666667
76.52071653333333
88.87973638095238
87.01759653333333
87.95547093333334
87.3829457904762
84.89198693333333
74.76019199999999
80.85198356923077
87.10903893333334
86.09736186666667
88.78856160000001
89.77340826666666
82.59052853333333
79.02838034285715
93.23950373333335
94.65710373333334
92.24312666666665
86.12716233650795
78.04961466666666
74.73870666666667
73.600888
92.75354239999999
84.17671582222222
81.74178959999999
86.7432872
86.79399466666666
78.89847851428571
81.89515928888889
89.63981306666668
86.46518186666665
86.7564792
89.17998407619048
78.19522293333333
76.3200257142857
89.26186714285714
78.22850626666667
73.93843240000001
81.8273782920635
83.60959653333333
88.328512
77.25836502857143
77.8151344
79.84907146666667
80.94414331428571
77.5352176
80.61140613333332
75.35171199999999
84.85256222222222
79.9677941714286
81.9704744
86.12786960000001
76.91303946666667
83.53397866666667
80.41426453333334
77.0936136
77.7311457142857
83.19554880000001
82.685704
81.92334148571429
84.6741912
83.1608512
77.67293493333332
83.98508853333334
82.0139688
78.6338864
85.53218133333333
89.33664160000001
76.33475173333333
84.994438
75.19183346666668
87.09778159999999
85.690416
82.2726088
87.04230319999999
82.0353696
79.66363866666669
82.1740992
73.72274559999998
86.7631856
84.292584
90.29184000000001
85.44773306666666
83.71559497142857
77.62675626666666
78.1207952
79.07568853333335
83.46888
80.62170138181817
77.4469296
83.97891733333333
75.00941942857142
77.5404632
79.75728480000001
85.21083794285714
78.14493893333334
80.51481546666666
80.351104
76.69811512380953
73.00762879999999
73.473072
74.673424
75.40424
74.69095413333335
74.42060411428571
79.92881546666668
71.7945632
80.49376746666667
67.50576898181819
79.27450895238096
80.31071626666667
84.23330937142858
84.45752674285714
91.40112400000001
87.60511039999999
93.34606266666667
84.53403786666668
83.8764128
80.98492143492062
86.68621558095238
84.4814384
98.37334746666666
84.6492792
86.8966336
85.48847192380953
83.2444568
81.54694826666666
89.3838616
82.55865908571428
88.48822533333332
85.40887382857143
79.79777973333334
81.32411946666666
89.91165866666667
86.496384
86.39527439999999
82.843996
98.506588
86.91509586666669
94.28723079999999
89.82619005714285
86.58001568
72.84016792
80.51752333333334
77.61205866666667
76.00487017142856
82.0398876
80.80569114285713
63.329508
85.98233680000001
62.9320608
90.24814613333334
83.33591039999999
85.2648576
77.24501093333333
81.32005253333334
72.7571992
66.89373333333333
